100 500
70 73
17 67
8 9
75 8
6 66
33 29
93 52
54 79
20 86
66 62
14 33
86 49
59 32
96 81
90 10
97 58
67 54
13 83
98 32
7 21
28 71
30 13
63 47
75 12
27 93
8 98
56 7
37 3
62 87
2 45
67 31
23 95
15 2
59 36
96 94
47 52
5 55
68 93
92 69
29 31
6 38
9 71
33 1
92 96
41 23
81 86
73 91
22 27
96 62
24 55
1 62
36 29
99 67
35 73
18 2
28 34
88 85
90 27
63 10
71 23
6 24
21 22
94 15
58 98
61 94
30 88
51 31
66 29
85 42
67 3
20 80
43 45
51 58
66 56
16 37
56 91
82 0
63 5
36 51
6 19
93 5
62 45
54 59
13 27
84 87
36 10
56 86
1 61
5 22
28 33
68 78
40 7
77 56
92 63
27 73
11 56
61 84
94 81
0 83
35 22
31 70
24 31
34 72
87 96
99 70
49 51
77 51
92 49
80 56
80 65
81 30
30 64
51 25
23 52
35 17
55 4
64 71
87 82
88 56
92 17
38 46
77 28
5 39
29 6
26 71
21 2
50 38
98 96
42 43
27 54
48 86
30 59
94 62
71 97
39 46
85 13
0 73
4 34
95 54
53 57
24 30
99 33
34 62
88 42
57 36
3 65
45 80
46 45
5 7
99 60
77 23
65 67
22 96
15 57
49 59
92 39
90 69
11 32
0 41
48 90
54 21
84 22
12 15
83 84
84 49
99 10
75 89
41 87
52 96
10 90
74 93
37 53
65 35
56 66
22 64
66 98
77 36
82 60
8 40
12 1
83 52
30 58
4 15
95 35
4 24
64 38
84 53
96 27
33 87
85 97
56 70
78 67
78 85
36 79
71 55
11 13
71 73
95 3
0 31
91 60
29 76
10 53
84 39
44 73
93 87
99 27
34 56
86 57
49 26
89 71
98 58
78 98
79 63
63 46
19 30
64 10
64 19
72 32
62 86
72 41
34 24
33 68
85 69
74 87
43 99
78 66
7 24
59 89
77 88
77 97
21 53
11 30
50 98
62 72
74 55
20 93
85 82
66 78
4 94
67 52
24 81
86 65
99 93
80 3
83 5
41 8
82 58
60 21
29 52
62 67
74 50
51 66
56 32
23 84
76 10
89 29
38 11
26 9
1 74
32 89
16 72
13 85
98 34
79 30
82 26
63 31
5 71
63 40
9 69
83 27
80 92
41 30
42 93
73 71
34 0
81 84
74 54
85 63
78 33
82 3
67 51
70 47
71 12
99 83
59 56
82 21
63 17
71 39
33 12
44 21
19 86
86 5
12 65
54 89
20 87
78 19
55 17
13 48
96 73
70 33
56 98
96 82
70 42
9 23
65 85
46 81
38 77
40 19
29 28
5 70
58 91
30 72
81 56
61 87
10 14
20 46
12 51
37 4
95 76
99 55
65 71
37 98
77 63
69 77
52 6
80 77
61 73
10 9
85 21
62 65
60 95
13 29
20 77
14 6
87 76
99 41
13 47
35 47
16 43
99 77
15 65
80 45
21 5
77 67
79 86
71 91
54 47
32 10
43 28
23 68
1 31
87 80
24 51
59 18
28 12
65 61
34 92
56 92
38 53
22 99
46 66
14 95
38 62
26 60
77 53
80 58
81 23
42 41
82 95
19 57
42 68
60 85
95 61
12 54
84 70
84 79
64 73
36 2
70 4
88 49
47 20
88 58
5 14
58 17
57 70
80 35
49 75
19 34
18 78
23 13
12 31
23 49
13 14
76 24
88 35
46 29
22 71
34 73
64 86
65 51
57 47
69 12
97 83
15 41
98 75
6 1
79 80
19 38
94 41
29 79
30 56
94 68
41 62
31 39
23 35
52 89
53 54
33 85
65 28
53 72
32 98
58 7
77 20
57 51
38 47
59 79
55 90
61 21
79 57
79 75
91 40
11 20
5 98
0 29
31 7
95 10
91 58
39 20
12 3
60 52
95 19
29 83
87 24
83 72
13 4
35 13
53 49
3 48
66 86
38 15
68 28
46 28
46 37
18 27
15 40
47 81
26 58
18 54
30 19
17 95
83 40
6 67
48 82
33 48
81 97
52 70
87 37
33 66
34 31
93 80
34 49
46 14
46 23
2 87
78 55
43 97
89 73
16 98
91 12
59 78
19 5
82 52
55 98
71 52
19 23
29 55
71 70
11 28
41 29
48 77
12 2
60 51
41 47
52 56
44 52
39 95
2 55
34 35
97 54
7 8
